7 7
377 41 417 96
311 65 349 112
258 103 290 138
220 144 246 184
188 196 223 233
165 252 197 288
148 312 174 340
461 118 490 161
450 177 490 217
429 221 464 253
401 275 439 307
350 303 385 335
283 333 312 360
211 360 253 388
3 3
10 10 20 20
30 30 40 40
50 50 60 60
30 10 40 20
50 30 60 40
70 50 80 60
4 1
98 55 162 113
296 57 366 118
112 235 156 301
308 229 361 301
223 147 263 212
7 2
377 41 417 96
311 65 349 112
258 103 290 138
220 144 246 184
188 196 223 233
165 252 197 288
148 312 174 340
120 61 150 99
400 276 439 306
7 2
377 41 417 96
311 65 349 112
258 103 290 138
220 144 246 184
188 196 223 233
165 252 197 288
148 312 174 340
460 14 491 51
339 308 375 342
7 3
377 41 417 96
311 65 349 112
258 103 290 138
220 144 246 184
188 196 223 233
165 252 197 288
148 312 174 340
460 14 491 32
339 308 375 342
114 18 150 50
7 2
377 41 417 96
311 65 349 112
258 103 290 138
220 144 246 184
188 196 223 233
165 252 197 288
148 312 174 340
339 308 375 342
267 167 302 200
4 3
10 10 20 20
30 30 40 40
20 50 30 60
40 60 50 70
50 10 60 20
50 30 60 40
70 50 80 60
0 0